Sentence: I love watching movies.
Numerical Embedding:
[ 6.96355663e-03 -1.20790817e-01  6.13221619e-03  5.55527629e-03
 -4.17979620e-03  4.98167723e-02  6.19546063e-02  4.36646231e-02
  1.25797898e-01  2.25282013e-02  1.15902033e-02  4.28412631e-02
 -4.42227162e-02  1.23268157e-01  1.55921848e-02 -2.13973578e-02
  4.42271940e-02 -6.38268655e-03 -4.70513813e-02 -1.47595340e-02
 -1.09313175e-01  2.51852702e-02  3.36402208e-02  3.06872670e-02
 -1.06496066e-02  1.64798573e-02 -5.11736935e-03 -6.63453899e-03
 -9.58305895e-02 -3.26405019e-02  1.02081588e-02  8.31398144e-02
 -7.22796768e-02  1.49379962e-03 -3.21152769e-02 -3.88751477e-02
  1.86239183e-02 -4.40766811e-02  9.34456382e-03  4.82474267e-03
 -9.39275976e-03  6.26399368e-02  1.26549587e-01  6.62749121e-03
 -8.74388032e-03 -7.71970972e-02 -3.29921730e-02 -1.00007048e-03
  1.06220163e-01  2.96020489e-02  2.25289557e-02  1.31699979e-01
 -5.67312241e-02  2.18110271e-02  5.46849817e-02 -2.87102573e-02
  3.44663113e-02 -5.30537218e-02  2.47489177e-02 -4.66474183e-02
  1.45159150e-02  7.37115443e-02 -7.93636311e-03  4.42213640e-02
  1.28407860e-02  1.21242432e-02  1.81885734e-02  3.38165909e-02
  1.14346920e-02  7.35906288e-02 -1.03405245e-01  9.23867971e-02
  3.50290015e-02  3.18821683e-03 -9.92922671e-03  3.30143049e-03
  1.31556150e-02 -2.48391721e-02  3.78714502e-02 -4.11653519e-02
  3.65733206e-02 -9.94598493e-02 -1.89927872e-02 -3.49950418e-03
  1.18588842e-02 -4.78200428e-02  1.62304062e-02  5.16030453e-02
 -8.96476209e-02  5.05473167e-02 -6.81810975e-02 -3.83780105e-03
 -1.01271510e-01  2.88063940e-02 -1.80796497e-02 -2.98211034e-02
 -7.73383130e-04  3.79856825e-02 -7.58235482e-03  5.18290326e-02
 -4.28190309e-04 -3.01009100e-02  3.36573608e-02  7.97410533e-02
 -4.24431749e-02  1.52423757e-03 -3.23671885e-02  5.72794154e-02
  4.15136963e-02 -7.57248923e-02 -5.12835346e-02  5.71339205e-02
  1.99067201e-02  1.96661483e-02 -1.82859204e-03  7.25988969e-02
  4.42141183e-02  2.54297759e-02  8.53838697e-02  2.51164846e-02
 -1.18831201e-02  7.90941194e-02 -1.67610962e-02 -3.55354436e-02
 -7.46881729e-03 -1.03194632e-01  2.04097368e-02 -4.70727998e-33
 -7.86812231e-02 -6.33660778e-02  4.47032973e-02  2.72379834e-02
 -4.62227166e-02  4.49247397e-02  3.30424793e-02  2.75367144e-02
 -1.89247653e-02  2.97366157e-02 -8.31785519e-03  3.65471728e-02
 -6.99553043e-02  3.11396215e-02  1.02246562e-02 -1.78090166e-02
 -4.23880294e-02  3.57443541e-02 -5.65104783e-02 -6.58509508e-02
 -2.41074376e-02 -6.00723326e-02 -7.00148894e-03  9.74912494e-02
 -4.87864465e-02 -8.32144246e-02  2.58799270e-02 -9.08600911e-02
 -7.70280138e-04  5.89726120e-02 -1.21804336e-02  7.18707889e-02
 -8.90134834e-03 -5.59680201e-02 -1.04948981e-02 -6.39014989e-02
 -6.70017973e-02  8.61543883e-03  5.47970179e-03  3.81218307e-02
 -1.76726263e-02  2.48424057e-02 -8.72457996e-02 -1.49956380e-03
  6.39715744e-03  3.72768119e-02  7.24462122e-02  5.10028265e-02
 -5.56240715e-02  6.01038150e-02 -3.05272639e-02 -1.58923697e-02
  5.06429523e-02 -4.89951856e-02 -2.01504421e-03  4.15846854e-02
  3.96284610e-02 -4.60190549e-02  4.30432707e-02 -7.85212591e-02
 -3.87506075e-02  4.14271727e-02 -1.62220690e-02 -3.44591774e-02
 -5.78149147e-02  1.08041450e-01  8.24709088e-02  5.60421273e-02
  1.07770879e-02 -1.93403438e-02 -5.33172674e-02  6.22867309e-02
 -1.00368978e-02 -3.94259393e-02 -2.73707099e-02 -1.07166814e-02
  5.93095273e-02 -1.13946237e-02 -4.15827408e-02 -3.53350453e-02
  1.86115745e-02 -3.56979780e-02  5.09577617e-02 -3.24441195e-02
  7.73464665e-02 -4.24533477e-03 -9.25285593e-02 -1.30637139e-01
  2.61719171e-02 -1.89292859e-02  6.66396245e-02 -1.44260943e-01
  5.31606413e-02 -4.65738699e-02 -1.08009852e-01  4.73427044e-33
  3.88599038e-02 -1.06718369e-01 -9.10540018e-03 -1.47225345e-02
 -8.72934889e-03 -8.03053901e-02 -9.26584154e-02 -2.91139204e-02
  3.30215245e-02  8.38032886e-02 -2.20181923e-02 -4.51892689e-02
 -5.91575056e-02  3.68185863e-02  2.18692943e-02 -7.43303001e-02
 -3.03980988e-02 -1.70927271e-02 -3.21525708e-02  9.16846693e-02
  5.95692359e-03 -3.67532228e-03  3.89542431e-03 -2.35963464e-02
  6.61540776e-02  1.71938743e-02 -1.60486624e-02  1.49469962e-02
  1.85198244e-02  3.71034183e-02  2.43032277e-02 -2.35068379e-03
 -7.61620477e-02 -4.31586206e-02 -5.17915040e-02  4.13353704e-02
  6.27660304e-02 -3.12433746e-02 -1.24832522e-03  9.24569089e-04
  1.76505558e-03  1.07625745e-01  6.07833378e-02  5.46898358e-02
  5.28125018e-02  2.15963591e-02  4.07436527e-02  2.94571538e-02
 -7.75534436e-02  2.27039098e-04 -8.41880143e-02  2.29918007e-02
  4.61984947e-02 -1.21885829e-01  5.18117286e-02  5.66941947e-02
  4.10176031e-02  1.12328054e-02  6.70092599e-03 -9.85426549e-03
 -8.45573097e-02  1.81884151e-02 -8.16039294e-02  9.16706212e-03
 -8.01377464e-03 -1.05280252e-02 -2.92039104e-02 -1.73352920e-02
 -1.83244124e-02 -6.66392744e-02 -6.83603948e-03 -8.17688182e-02
 -6.52108490e-02 -1.99728347e-02 -3.73678952e-02 -6.26811087e-02
 -8.15329980e-03  3.09051946e-02 -1.73351485e-02  8.61188490e-03
  6.77640783e-03  4.67851944e-02  4.34668176e-02  3.26752253e-02
 -4.22078520e-02  4.72631492e-02  8.06988683e-03  4.50974330e-02
 -3.50239538e-02 -1.13324858e-02  3.07845753e-02  1.69877559e-02
 -1.85275939e-03 -3.58900018e-02  1.36131030e-02 -1.50811079e-08
 -8.17473903e-02  5.98924002e-03  1.17473872e-02 -4.01749238e-02
  5.27863298e-03  1.83851756e-02 -1.79810841e-02  9.30047855e-02
  2.71424931e-02 -6.22012317e-02  4.84988727e-02 -1.21197719e-02
  1.07881464e-02  1.00852344e-02  8.63190740e-02 -2.51243357e-02
  1.44595712e-01 -3.73875424e-02 -3.51568405e-03  1.24979526e-01
 -1.16706267e-02  7.82449823e-03  8.95761177e-02  7.47611225e-02
 -6.19488582e-02  3.49376053e-02  1.19278328e-02 -2.72369161e-02
  1.07716821e-01  1.02500906e-02 -2.85603646e-02  7.46895224e-02
 -6.88169971e-02 -2.63003428e-02  4.43122946e-02 -2.02578660e-02
  1.11275919e-01 -1.14119060e-01  7.07009155e-03 -6.20510336e-03
  3.28809097e-02  4.15343307e-02  1.15030361e-02 -2.85499543e-02
 -5.66816935e-03  6.98343292e-02  1.43774211e-01 -8.05616006e-02
  1.45614520e-02 -1.96900275e-02  1.62483100e-02  5.93901649e-02
  5.67358322e-02  5.55516034e-02  6.31162301e-02 -4.36576679e-02
 -2.35499465e-03  1.93850789e-02 -2.02072915e-02 -1.22296494e-02
  5.95506914e-02  3.68412286e-02 -1.69954207e-02 -6.69463798e-02]
Number of dimensions: 384

Sentence: I enjoy watching films.
Numerical Embedding:
[ 8.76161270e-04 -1.02214389e-01  2.92850222e-04  2.15784255e-02
  3.00984345e-02  5.83171770e-02  1.19695246e-01  2.17511412e-02
  8.67471918e-02  1.53538957e-02  8.96275602e-03  5.90590667e-03
 -1.60432756e-02  1.19333386e-01  8.41879379e-03 -2.24424414e-02
  5.85775487e-02 -1.19860880e-02  9.92238242e-03 -3.22646946e-02
 -4.87305187e-02  2.64613330e-02  6.79255053e-02  1.98819358e-02
 -9.22126416e-03 -8.33016075e-03 -1.33461319e-02  9.75681096e-03
 -5.93204573e-02 -4.50225137e-02 -3.37802693e-02  9.78460982e-02
 -7.76300579e-03 -1.46675091e-02 -1.92559753e-02  3.44211957e-03
  4.36716191e-02 -5.03437407e-02 -4.01633792e-03 -2.02833209e-02
  2.08048057e-02  3.45931612e-02  1.41769111e-01 -2.92461868e-02
  1.00015802e-03 -6.12524077e-02 -1.84580907e-02 -2.32164375e-02
  1.01147935e-01  2.58185361e-02  1.58857983e-02  1.37962401e-01
 -4.58333753e-02  1.92473754e-02  4.26817015e-02 -2.35365424e-02
  2.51287576e-02 -1.49078919e-02  1.65393613e-02 -6.50244430e-02
  2.80714296e-02  3.81533168e-02 -1.98372756e-03  2.70178895e-02
  2.69098915e-02 -1.44533142e-02  1.43155428e-02  4.23721597e-02
 -1.97859723e-02  2.98057720e-02 -1.03805572e-01  6.94171563e-02
  4.01542298e-02  1.34924809e-02  1.15274889e-02 -1.99324936e-02
 -6.87608030e-03 -5.91868162e-02  1.91963315e-02 -3.79943624e-02
  4.66174483e-02 -9.58343968e-02 -4.88316314e-03 -2.07261276e-02
  5.59564178e-05 -7.65353516e-02  2.56778486e-02  4.79630530e-02
 -4.99346629e-02  7.69841000e-02 -5.14524430e-02  1.09278262e-02
 -8.66076350e-02  6.96883490e-03 -8.87494255e-03 -4.51414026e-02
 -1.12971300e-02  4.58120890e-02  2.89091421e-03  7.57122040e-02
  2.01296620e-02 -5.05595505e-02  3.43846600e-03  6.00500889e-02
 -4.34194319e-02 -8.04244075e-03 -3.75960283e-02  4.80984822e-02
  1.98408421e-02 -3.82653438e-02 -7.92278051e-02  8.08959901e-02
 -4.37149499e-03  2.38791648e-02  6.17846809e-02  6.52284175e-02
  4.75992896e-02  4.66931686e-02  6.74106553e-02  1.91042442e-02
 -1.02632204e-02  7.87274390e-02 -3.47527750e-02 -3.59966792e-02
 -3.04095112e-02 -8.04668143e-02  1.85878966e-02 -4.94145683e-33
 -5.80816716e-02 -5.86089231e-02  3.87096815e-02  4.17098030e-02
 -7.89925307e-02  6.80528134e-02  2.32695900e-02  2.11296901e-02
 -1.13250343e-02 -1.17181074e-02 -1.01050744e-02  4.32669297e-02
 -7.63797686e-02  4.36305180e-02  2.81727780e-03  1.02539230e-02
 -3.13098580e-02  5.12715802e-02 -7.78809711e-02 -4.43436094e-02
 -2.96935868e-02 -4.55744974e-02  1.30158309e-02  8.62075910e-02
 -4.30263840e-02 -8.25083479e-02  2.70468481e-02 -9.24457237e-02
  2.22221669e-03  3.94830704e-02  5.43512031e-03  8.17822888e-02
 -2.88843010e-02 -7.22847879e-02 -5.46731800e-03 -1.37828812e-02
 -5.24859764e-02  6.23248285e-03  2.51419265e-02  1.81272216e-02
 -2.38383524e-02  2.76418179e-02 -5.63227348e-02  1.70726832e-02
 -2.70843431e-02  4.82238308e-02  8.09369385e-02  3.61791030e-02
 -9.18081179e-02  3.94454710e-02 -4.75936048e-02 -4.59320890e-03
  2.77931504e-02 -3.13195102e-02 -2.12194007e-02  6.58043101e-02
  7.43906666e-03 -7.17528090e-02  3.17938663e-02 -6.07673414e-02
 -3.94318961e-02  6.44201934e-02 -5.69607615e-02 -5.46295755e-02
 -5.92283420e-02  1.76278144e-01  6.39961138e-02  5.02014793e-02
 -9.36690066e-03 -8.20422359e-03 -7.35040084e-02  3.27199809e-02
  1.18612535e-02 -6.90882877e-02 -2.24307291e-02  1.55857727e-02
 -1.99783989e-03 -1.93778239e-02 -3.18787880e-02 -1.26094017e-02
  2.42863130e-02 -3.32965031e-02  2.74644755e-02 -5.66044599e-02
  4.37648110e-02  1.39246311e-03 -6.43233061e-02 -1.44797921e-01
  8.89944583e-02 -2.45617732e-04  1.91958249e-02 -1.32032454e-01
  6.15879633e-02  1.84315424e-02 -1.02664672e-01  4.74743524e-33
  4.87718843e-02 -1.34162411e-01 -1.68972909e-02 -5.44591062e-02
 -5.46356849e-02 -5.91809936e-02 -9.68024060e-02 -3.14320787e-03
  1.07706785e-02  5.19507341e-02 -3.19676884e-02 -3.67244519e-02
 -7.85770491e-02  3.82175259e-02 -1.05430465e-02 -6.57433942e-02
 -2.88868640e-02 -1.19195879e-02 -8.92165303e-03  7.78803751e-02
  7.75369862e-03 -2.10639415e-03  1.14301881e-02 -3.25349383e-02
  6.01863004e-02  1.95966270e-02 -1.43237915e-02  4.88998815e-02
  2.37105135e-02  3.56286243e-02  8.73512868e-03 -2.60419324e-02
 -6.86513111e-02 -5.54303154e-02 -2.16156915e-02  2.38731466e-02
  8.02865848e-02 -4.81002405e-02  2.65248679e-03  1.55026782e-02
 -1.52431875e-02  8.31178501e-02  4.11526933e-02  4.62074801e-02
  3.83246951e-02  2.74112020e-02  2.72921231e-02  3.67860198e-02
 -9.10813808e-02 -3.21196169e-02 -6.51008636e-02  4.47054952e-02
  2.28381287e-02 -1.51601359e-01  2.56721228e-02  3.28699164e-02
 -6.32771710e-03  1.12616159e-02  2.24880520e-02  1.44356852e-02
 -5.02258651e-02  4.34153266e-02 -9.07380655e-02 -2.97128856e-02
 -1.24082351e-02 -2.59439629e-02 -1.78203024e-02 -1.20047797e-02
 -1.75047573e-02 -6.96589574e-02 -1.73432520e-03 -8.06979015e-02
 -8.29036236e-02 -6.81981742e-02 -6.57745823e-02 -4.18363847e-02
  4.30406583e-03  3.44132818e-02  1.62066855e-02  2.72438843e-02
 -1.04077030e-02  3.71165685e-02  5.72317988e-02 -1.33683160e-02
 -2.91700456e-02  5.11593111e-02  1.99692938e-02  4.19500396e-02
 -1.28765879e-02 -5.44205867e-03  5.35317622e-02  1.59149598e-02
  1.18012251e-02 -4.86447997e-02  1.84398759e-02 -1.38638461e-08
 -5.98997846e-02  8.61140620e-03  2.69448720e-02 -4.85980995e-02
 -4.74079885e-03  1.51610784e-02 -2.86033936e-02  1.04600422e-01
  5.87138459e-02 -7.91963786e-02  9.65026841e-02 -5.43957986e-02
  5.45065962e-02 -3.94968912e-02  1.20883413e-01  1.78578869e-02
  1.25843197e-01 -1.87251233e-02  3.74454027e-03  7.49713331e-02
  3.76394652e-02  1.04833394e-03  7.93215483e-02  5.38535975e-02
 -8.21492150e-02  3.70783694e-02  4.97342385e-02 -6.72508478e-02
  7.59576857e-02  3.55621092e-02 -2.49985605e-02  8.32931697e-02
 -6.86813667e-02 -1.45244440e-02  4.93868329e-02 -5.70495613e-02
  8.51914659e-02 -1.14116520e-01  9.51635465e-03 -1.71053633e-02
  1.77215263e-02  3.67615484e-02  1.27781825e-02 -6.99148141e-03
  3.48858647e-02  7.55609795e-02  1.48362130e-01 -6.38593212e-02
  5.02880709e-03 -6.04536477e-03  1.65012982e-02  2.38591768e-02
  6.10257685e-02  6.13850504e-02  8.90163854e-02 -3.20278406e-02
  1.41567411e-03  8.66824295e-03 -4.04689535e-02  3.27993520e-02
  7.58040920e-02  1.31672360e-02 -4.32775728e-03 -3.61625329e-02]
Number of dimensions: 384

Sentence: I am interested in learning new technologies.
Numerical Embedding:
[ 4.15886007e-02 -8.88584182e-02 -1.42978784e-02  4.44487929e-02
 -1.97057575e-02 -7.92941600e-02 -5.80669008e-03  6.05068319e-02
 -4.74043079e-02  5.13662510e-02  3.23873870e-02  6.31634742e-02
 -3.62141943e-03  2.95764729e-02  2.50302851e-02 -3.76324430e-02
 -3.13460827e-02  2.37682648e-02  4.82249260e-02 -1.14060551e-01
  4.52061780e-02  1.87505432e-03  5.39081991e-02 -3.43734846e-02
  6.50276896e-03  6.78227320e-02  6.80621201e-03 -8.20374861e-02
  4.91089709e-02 -5.16757928e-02 -7.81082585e-02  7.14686513e-03
 -4.57771793e-02  1.91726908e-02 -4.83642109e-02  1.64148603e-02
  5.04559688e-02 -6.33477643e-02  7.83994701e-03 -1.55316200e-02
 -7.50399381e-02 -5.61402738e-02  5.30083838e-04 -2.40625739e-02
  8.13535303e-02 -7.57060805e-03 -1.67117305e-02 -7.48752430e-02
  2.31473185e-02 -1.83766242e-03 -5.28258495e-02 -4.64776605e-02
  1.25119113e-03  3.07045039e-02 -9.46280546e-03 -5.02862222e-02
  5.90762869e-03  3.88126879e-04  1.70123111e-02 -2.40435954e-02
  3.21967937e-02 -9.83155519e-02 -7.89183453e-02  1.77620165e-02
 -4.40382510e-02 -9.22164321e-03 -5.30044250e-02  1.45177558e-01
  8.87597725e-02 -9.25982967e-02 -7.33737350e-02 -1.24702193e-02
  3.25565338e-02  5.95935360e-02  5.67077734e-02 -7.13782087e-02
  2.07524821e-02  6.01856932e-02  4.93351407e-02  1.30960103e-02
  6.06747493e-02 -2.18000896e-02 -3.94145511e-02 -6.29823133e-02
  6.60559684e-02  1.80532020e-02 -5.54707721e-02  8.28682482e-02
 -6.18586056e-02 -6.29393980e-02  1.55630996e-02  7.60509225e-04
 -1.08045705e-01  2.68534273e-02 -2.75202561e-02 -1.72006935e-02
  6.75155316e-03 -5.33420704e-02  5.02474094e-03  2.01130062e-02
  4.52699186e-03 -1.62625662e-03 -4.65720035e-02  9.07115638e-03
 -6.87558800e-02  6.29081726e-02 -5.08585796e-02  2.76665930e-02
  7.62206763e-02 -1.49783939e-02 -6.79972991e-02  4.53405567e-02
 -7.68884942e-02 -3.01635731e-02 -4.92793217e-04 -8.78596585e-03
  3.74349467e-02  6.62444979e-02  1.22014150e-01  6.24102764e-02
 -1.45627232e-02 -1.31590692e-02 -4.33979444e-02 -3.30490507e-02
  1.54875219e-02 -1.03349797e-01 -8.74801949e-02 -4.55016708e-33
  5.55236936e-02  1.14326887e-01  4.07247152e-03  7.53014535e-02
 -8.70155450e-03 -2.41723023e-02  6.18996620e-02  5.53253945e-03
 -1.15016634e-02 -2.84649674e-02  7.90858939e-02  8.19921792e-02
 -7.81937689e-02  5.88724837e-02  8.37360322e-02 -1.37057066e-01
 -6.84528127e-02  1.94437336e-02  6.91300407e-02  3.90290678e-03
 -7.38102421e-02 -7.05596283e-02  6.97841048e-02  6.44557774e-02
  5.26124798e-02  2.99972622e-03 -2.44893655e-02 -4.57206368e-03
  1.31296618e-02  5.16840396e-03 -7.67276948e-03  5.40659465e-02
 -6.41220957e-02 -4.87937331e-02  1.26212891e-02  3.98260467e-02
 -2.62820069e-02 -4.00925614e-02  6.85119480e-02 -1.68566097e-04
  4.12503164e-03  2.59745475e-02  1.82708036e-02 -3.48357745e-02
 -1.56738944e-02 -1.05735697e-02  2.68522010e-04 -1.82855278e-02
 -7.32395574e-02 -2.48555783e-02 -9.60847884e-02 -3.01375948e-02
 -5.34839034e-02 -5.76433390e-02  6.34913743e-02  7.25141391e-02
  3.51225324e-02 -2.68940125e-02  1.66516639e-02  9.07001272e-03
 -4.59383465e-02  2.37119347e-02 -6.20334335e-02  4.22641914e-03
 -8.24044738e-03  6.38693199e-02  5.68297654e-02  5.24501503e-02
 -1.37056559e-02 -7.44810840e-03 -2.93949079e-02 -1.42343370e-02
 -2.04894249e-03 -2.00908799e-02 -2.22063418e-02  7.10989013e-02
  3.09315533e-03 -2.85802260e-02 -4.05759476e-02  3.29147615e-02
 -1.02481591e-02 -1.40679805e-02  4.74853963e-02  9.32987314e-03
 -2.55193859e-02  3.47102918e-02 -3.99368554e-02 -5.72302863e-02
  3.07110306e-02 -1.20999934e-02  3.15838195e-02 -1.34093622e-02
 -2.44638301e-03  5.64138182e-02 -1.31685436e-02  1.64540152e-33
 -6.26824284e-03  4.30473015e-02 -5.22019640e-02  5.29655442e-02
  5.45477048e-02 -5.11380695e-02  4.21841219e-02  4.28569578e-02
 -3.99930365e-02  3.18832584e-02  3.36279161e-03  1.20321075e-02
 -3.77700664e-02  7.68402740e-02 -5.75285293e-02 -1.46065764e-02
 -5.90907633e-02 -5.18120751e-02  5.32026924e-02 -1.84136927e-02
 -3.59185338e-02  9.14200991e-02 -6.58054575e-02  1.77158546e-02
  2.39338502e-02 -5.11005819e-02 -5.30815385e-02 -1.87154692e-02
 -3.14213261e-02  3.52689140e-02  2.82719452e-02 -1.06534868e-01
  3.33948657e-02  8.65022317e-02  4.43791188e-02  3.18988003e-02
  9.77247208e-02 -2.01643854e-02  5.52321337e-02  9.60570946e-03
  1.08800888e-01 -5.11537679e-03  1.36424284e-02 -5.04165813e-02
 -4.97418595e-03 -3.64556313e-02 -3.50184366e-02  1.07800491e-01
  7.67324062e-04 -4.86214012e-02  1.15988567e-01 -8.15552566e-03
  8.27298686e-02 -1.60511419e-01  6.43442944e-02  1.61084589e-02
  9.17699188e-02 -3.29975709e-02  4.47702669e-02 -1.66604836e-02
 -5.01382500e-02 -1.93736628e-02 -1.15250051e-03  4.91039120e-02
 -7.10305050e-02 -2.14901119e-02  1.26603236e-02  1.07752927e-01
 -4.73857783e-02 -3.01258452e-02  9.32772309e-02  4.91791666e-02
  1.02654938e-02 -4.34740260e-02 -3.07763983e-02 -6.33135960e-02
  2.23200284e-02  2.15658732e-02 -5.23743816e-02  5.73139675e-02
  3.06968559e-02  1.24081559e-02  6.80424320e-03  4.30585630e-02
 -2.85509918e-02  1.16949506e-01  2.65612602e-02 -7.38860220e-02
 -9.26901549e-02 -9.72271264e-02 -7.26095960e-02  2.54653282e-02
  4.29991446e-02  3.11490968e-02 -8.75918046e-02 -1.52373758e-08
 -5.08561060e-02 -5.93586303e-02  1.74668990e-02 -6.73387274e-02
 -4.98825721e-02  2.73655765e-02 -4.53772470e-02  6.76965564e-02
 -4.51864153e-02 -2.46357452e-02 -6.62814975e-02  3.82346287e-02
  6.67036101e-02  5.04345112e-02  1.02729812e-01  5.10056540e-02
  7.97946900e-02 -1.83725934e-02  4.31412794e-02  1.30840847e-02
  5.70695661e-02  1.94251966e-02  6.29721433e-02  2.78862640e-02
  3.45170610e-02 -3.32575664e-02  1.95754245e-02  9.86890774e-03
  6.51336238e-02 -5.22342883e-03 -6.64634332e-02  1.64621975e-02
  8.65949243e-02 -7.25632608e-02  4.15566377e-02 -1.35346008e-02
 -1.93272289e-02 -7.95690641e-02  4.34902944e-02 -4.87704687e-02
 -2.05057673e-02  5.22398129e-02  3.46438624e-02  2.03526299e-02
 -2.51367893e-02  9.63539537e-03 -9.33330134e-03 -9.36776623e-02
 -3.03193405e-02  3.65863517e-02 -4.26946320e-02  1.69754028e-02
  5.27471751e-02 -6.67274594e-02  5.83399041e-03  1.01195790e-01
  1.24012074e-02 -5.68960346e-02  1.10052312e-02  6.22406490e-02
 -1.48811948e-03  8.68531037e-03  2.27415981e-03  7.57561773e-02]
Number of dimensions: 384

Sentence: Artificial intelligence is fascinating.
Numerical Embedding:
[-4.46595764e-03 -6.31336942e-02  6.71364218e-02  6.86229614e-05
 -1.17386123e-02 -3.99526022e-02 -2.75310175e-03 -1.00482423e-02
  2.57153865e-02  1.56826228e-02 -3.72149609e-02  7.94424191e-02
  4.81835660e-03  2.02900600e-02 -4.51957323e-02 -9.76342824e-04
 -6.46659266e-03 -4.81143557e-02 -1.00668937e-01 -1.15535669e-01
  2.84332428e-02  1.54719753e-02  4.00343053e-02 -5.63715920e-02
 -6.69616449e-04  3.10889520e-02  3.23120058e-02 -4.17242572e-02
  1.63411852e-02 -8.03283453e-02  5.71624329e-03  9.48800072e-02
  2.99181361e-02  9.23137646e-03 -5.41658066e-02  8.81638527e-02
 -9.37262271e-03 -5.68619603e-03  5.91616705e-02 -1.90307982e-02
 -1.59660876e-02 -3.74498293e-02  7.61128813e-02 -1.16481213e-02
  6.80646747e-02  1.02703437e-01 -9.42257419e-02 -3.88091616e-02
  2.09011678e-02 -1.84748657e-02 -1.40539974e-01 -3.44677642e-02
 -7.71834748e-03  1.33283585e-02 -3.96449678e-03  7.11848540e-03
  3.62122431e-02 -1.44795468e-02 -2.30835173e-02 -7.92269409e-02
  4.13745688e-03 -1.51149184e-02  1.78416967e-02  1.53248105e-02
  5.84990680e-02 -3.94308940e-03 -5.78671955e-02 -9.78233945e-03
  1.72608439e-03 -4.57575172e-02 -2.35333461e-02  1.26598418e-01
  7.11527914e-02  8.14101472e-02  5.58463857e-02  2.67399345e-02
  6.68046325e-02  1.75421089e-02  7.37000257e-02  8.62236321e-03
  7.24562816e-03 -1.03109613e-01 -6.59226673e-03  5.62215634e-02
  6.20221794e-02 -1.23407893e-01 -1.01244757e-02 -2.66267429e-03
  7.84412492e-03  2.96462309e-02  7.28494860e-03 -4.08684686e-02
  2.86250170e-02 -8.22653398e-02  4.23126183e-02  2.72123422e-02
 -6.74821029e-04 -2.21400559e-02 -2.12364513e-02  2.39362158e-02
 -6.86271861e-02 -1.03969853e-02 -1.49170822e-02  5.74729703e-02
  2.55022831e-02 -1.62851717e-02  4.98257428e-02 -2.25163694e-03
  1.01531990e-01 -1.22458890e-01 -2.58679334e-02  5.61959036e-02
  7.84807503e-02 -4.25840169e-02 -1.57651883e-02  4.08179760e-02
  3.21096592e-02  1.17611930e-01  9.71524641e-05  1.42412055e-02
  3.88562568e-02  3.23197022e-02 -7.20253065e-02  4.15002108e-02
  7.04904348e-02 -7.36396015e-02 -1.61504336e-02 -3.86062136e-33
 -9.90451723e-02 -1.25455074e-02  3.62395197e-02  8.46890509e-02
  1.09879160e-02 -6.52575791e-02 -2.26983186e-02 -2.78928056e-02
 -1.60203762e-02  1.75609440e-02 -3.09097208e-02  7.20266774e-02
  5.48231602e-03  1.22007336e-02 -1.79747993e-03 -4.40997258e-02
 -1.02431819e-01  4.39715162e-02 -3.23712733e-03 -4.98196147e-02
  7.00594559e-02  2.79451814e-02  8.40344466e-03  1.11906426e-02
  2.20823232e-02  1.94727778e-02  6.13062158e-02 -7.09728971e-02
  7.37542063e-02  1.78797136e-03 -3.49567048e-02  7.00385049e-02
 -7.16994554e-02  2.01439559e-02 -2.31859591e-02  1.27882659e-02
 -1.73172913e-02 -1.63916834e-02  6.23110421e-02  6.38863742e-02
  3.76792029e-02 -2.84782355e-03 -2.54083704e-02 -5.14997430e-02
  1.44706061e-02 -1.62370857e-02  7.90878609e-02 -5.52385971e-02
 -1.43518299e-02 -6.45164922e-02 -6.11585230e-02  1.35145439e-02
  3.84374298e-02 -4.35029455e-02  1.01524286e-01  1.02752270e-02
  1.83554483e-03  2.40716338e-02 -7.11957505e-03 -8.37762200e-04
 -3.85882184e-02  2.71734595e-02  8.68169311e-03  5.45528531e-02
  4.77214996e-03  6.25657439e-02 -2.05658376e-03  2.52839439e-02
  8.52608085e-02  7.11364746e-02 -4.34137648e-03  3.52879390e-02
  9.51295998e-03 -6.96306974e-02 -1.05854437e-01 -3.45680006e-02
  5.80872968e-02 -9.66213420e-02  4.14327830e-02 -4.75196587e-03
 -6.91512600e-02 -5.45535237e-02 -3.14277713e-03 -4.85654250e-02
  6.44763410e-02  3.34488153e-02  5.09153120e-03 -1.00615181e-01
 -4.21063788e-02  3.03115249e-02  2.10885480e-02 -7.33736902e-02
  6.33771941e-02 -1.92864649e-02 -9.02790725e-02  3.49003979e-33
 -1.32282585e-01 -6.71219602e-02 -3.81455086e-02  5.49542457e-02
 -1.95901673e-02 -2.62101181e-02 -7.81822130e-02 -4.29242337e-03
 -4.56344858e-02  3.70928161e-02  4.16263230e-02  2.63723116e-02
  3.22457366e-02  2.03763023e-02  2.50179470e-02 -9.49424319e-03
 -2.89262012e-02 -2.13968251e-02 -2.24054661e-02  3.67215239e-02
  7.87465926e-03  1.14819191e-01 -8.83918107e-02 -4.03263122e-02
  3.99631597e-02  7.26618245e-02 -8.99584293e-02 -3.14637423e-02
  2.60010846e-02  7.16205090e-02 -5.00949994e-02 -2.20910646e-02
 -7.11731315e-02  1.09451739e-02 -3.28236520e-02  7.48124644e-02
  3.85552202e-03 -4.72771861e-02  8.87730741e-04  3.38138305e-02
  2.21746392e-03 -1.33011462e-02  1.98687008e-03  2.99784471e-03
  1.21530304e-02 -2.67260931e-02  2.67222263e-02  6.04041070e-02
 -6.44337162e-02 -1.09470086e-02 -2.32463833e-02 -2.45107133e-02
 -5.72448932e-02 -1.11576989e-01 -4.76077273e-02  3.97662595e-02
 -7.92185962e-03  2.08719689e-02  6.54630736e-02  5.14913537e-02
 -2.42812503e-02 -1.71142891e-02  6.04249164e-02  6.14545979e-02
 -1.70376617e-02  5.07991156e-03 -4.30934951e-02  4.75333780e-02
 -9.87517610e-02 -1.01348370e-01  7.40365535e-02 -1.28712580e-02
 -4.13569175e-02  4.24278900e-02 -1.16054434e-03  1.50618693e-02
  1.07207219e-03  4.35279822e-03 -2.77839303e-02 -1.98836457e-02
  5.87467700e-02 -5.14302887e-02  2.00744420e-02  2.95757595e-02
  1.40686613e-02  1.33469224e-01 -2.11056527e-02 -1.13533176e-02
 -4.33772393e-02  9.46767442e-03 -7.88385272e-02  8.48642900e-04
  9.60321538e-03  3.39458659e-02 -5.84737733e-02 -1.34989433e-08
  2.37582717e-02 -1.31776091e-02  6.50701821e-02 -5.68895042e-02
  7.71564916e-02  2.71358434e-02  2.59140012e-04  3.23532186e-02
 -1.09730810e-01  8.10063817e-03  5.56201972e-02 -2.53261272e-02
  1.92627534e-02  1.19300075e-01  1.15773119e-01  5.15040904e-02
  3.38739567e-02  4.94298467e-04 -1.70661528e-02  4.26153094e-02
  3.70387770e-02  2.50729583e-02 -5.27808303e-03  1.70059837e-02
 -5.28315417e-02  2.90503409e-02 -5.24084158e-02 -1.53330844e-02
  1.56542100e-03  2.96815224e-02 -4.06199023e-02  3.85135897e-02
  1.61326565e-02  7.63848200e-02  1.02450930e-01  7.67935961e-02
 -4.78206109e-03 -8.71231779e-02 -1.77765265e-02 -7.19022080e-02
  3.69804649e-04  8.88101384e-02 -3.61511074e-02  2.25662775e-02
  6.46363273e-02 -2.01099133e-03  3.35824909e-03 -9.28755254e-02
  3.66080999e-02  9.07840356e-02  1.62255112e-02 -1.70546137e-02
  1.75781492e-02  3.44804265e-02  1.34441182e-01 -2.35978048e-02
 -1.35541987e-02 -2.27778405e-02 -6.43710494e-02  1.21623605e-01
  5.59243038e-02  1.02244683e-01  2.39000209e-02 -7.41454363e-02]
Number of dimensions: 384

Sentence: I like building software applications.
Numerical Embedding:
[-5.26509620e-02 -3.79423089e-02  2.10034177e-02 -1.01784728e-02
  2.96106767e-02 -1.20627567e-01  3.60376872e-02  1.02042533e-01
  1.96289439e-02  5.60497828e-02 -8.30902606e-02 -4.39368859e-02
  1.40550109e-02  3.14110480e-02  6.45196959e-02  2.66776271e-02
 -2.61236019e-02 -1.79898012e-02  6.62422851e-02 -8.85928348e-02
 -6.98485970e-02  3.81844752e-02  4.01155045e-03 -2.01207912e-03
  4.18582968e-02  9.37566608e-02  3.27724614e-03 -1.32973742e-04
  6.80776685e-02 -6.85624704e-02 -9.47571993e-02  7.31862560e-02
  6.02334179e-02  3.17359380e-02  1.60254855e-02  7.09958524e-02
  6.33893386e-02 -1.08647995e-01 -1.50490059e-02 -5.84856458e-02
 -8.97529349e-02  3.62349078e-02  8.76741707e-02 -4.12150398e-02
 -3.28869782e-02 -1.14048131e-01 -4.34998842e-03 -8.09871256e-02
  9.00537148e-02  7.82062672e-03  5.08373119e-02 -3.81962024e-02
 -7.47797713e-02 -3.04520540e-02 -3.70240919e-02  7.20394030e-02
  3.17146280e-03  2.87040640e-02 -3.01279742e-02 -4.64757159e-02
  6.21025311e-03  2.40487531e-02 -7.52447024e-02  6.27223253e-02
  2.41094381e-02  5.17372675e-02 -3.66979167e-02  3.73997167e-02
  3.89734954e-02 -5.22100590e-02 -1.63381975e-02 -1.10546974e-02
 -3.41891986e-03  6.88294247e-02  4.82240953e-02 -7.08305985e-02
  5.91437183e-02 -2.54450496e-02  6.21190574e-03 -6.43149167e-02
  5.90399206e-02 -1.86615791e-02 -6.51976168e-02  7.31037855e-02
 -7.88615923e-03 -3.40502188e-02  7.04370290e-02  1.13247223e-01
  4.63926569e-02  4.10905480e-03  1.41250538e-02  3.91925313e-03
 -3.83213460e-02  2.19092667e-02 -2.14605555e-02  1.91571340e-02
  3.46859433e-02 -1.66912097e-02 -7.13021681e-02  7.60496035e-02
 -3.40305194e-02 -2.54904479e-02  4.32872772e-02  3.41286473e-02
 -4.19143364e-02  3.79454121e-02 -3.18214484e-02  4.56988923e-02
  1.61231477e-02 -3.03722126e-03 -8.08542222e-02 -9.87327844e-03
  1.64024662e-02 -6.96060136e-02  2.81454120e-02  4.79185544e-02
 -1.10000297e-02  3.78441811e-02  4.82521690e-02  7.03951046e-02
  1.36487717e-02  7.35396370e-02 -9.99899283e-02 -3.60106081e-02
 -2.82795634e-02 -5.49175106e-02 -6.04084916e-02 -4.55900423e-33
 -2.74660741e-03 -1.73195116e-02  2.66339965e-02  6.19429536e-02
  4.92092557e-02 -2.87663750e-02  3.43492404e-02  1.07872613e-01
 -4.05330881e-02 -2.02646758e-02  3.66877206e-02  7.82831684e-02
 -8.77727643e-02  9.95272025e-02  1.22026958e-01 -5.53804599e-02
 -2.08878629e-02  8.12644139e-02 -5.57732061e-02 -3.95917669e-02
 -4.96617891e-02 -5.86094186e-02 -8.70775245e-03  1.07657105e-01
  7.83472657e-02 -1.28373345e-02  1.10300437e-01 -4.06664982e-02
 -1.60993990e-02  2.22064834e-02 -1.12338243e-02  2.39625797e-02
 -4.10772115e-02  6.74287789e-03 -4.68314923e-02 -9.11248382e-03
 -3.28951962e-02 -3.99554558e-02  4.55579795e-02  4.82685305e-02
 -4.66335081e-02  2.63102707e-02  1.39754638e-02  1.51107395e-02
  1.29739687e-01 -2.80171167e-02  6.04661815e-02  5.07078308e-04
  2.38578813e-03 -1.34982560e-02 -2.61181910e-02  4.34710979e-02
  5.39222658e-02  1.04300871e-01 -2.79045049e-02 -3.70552875e-02
  4.17391695e-02 -2.51516253e-02 -5.80523489e-03  3.48131545e-02
 -8.37140754e-02  6.40175194e-02 -3.80688608e-02 -3.18977460e-02
 -1.01168983e-01  7.36766309e-02  5.60538005e-03  8.12910032e-03
  6.08170517e-02  3.67559604e-02 -4.85645048e-02 -4.20932993e-02
  1.26857462e-03 -4.21872316e-03 -8.69996771e-02  3.73716317e-02
 -9.64467786e-03 -1.41544426e-02 -7.43714646e-02  9.26988199e-04
 -2.43451297e-02  1.49148367e-02 -1.96114834e-02 -2.75591947e-02
  8.33038241e-02  7.34841526e-02  5.72283380e-03 -5.82429916e-02
 -2.74704327e-03  3.36089022e-02 -1.10558281e-02 -6.04997799e-02
  1.19157908e-02  6.00651242e-02 -4.81602252e-02  3.54297634e-33
 -1.39900334e-02 -8.90569016e-02 -5.39701618e-02  1.57687571e-02
 -1.98018774e-02 -6.68470338e-02 -2.40102764e-02 -5.90988956e-02
  5.57657983e-03  9.74547863e-02 -1.07246367e-02 -1.98179157e-03
 -7.52314832e-03  5.75969294e-02 -5.43176159e-02 -6.90290006e-03
  1.03777973e-02 -6.34568185e-02 -4.18236926e-02 -2.96138898e-02
 -3.63891721e-02  7.11986348e-02 -4.93829511e-02  1.39340917e-02
  5.82837313e-02 -6.04293346e-02 -9.00138691e-02 -7.74808303e-02
  5.89745604e-02  5.18054478e-02  1.67552568e-03  1.52352070e-02
 -5.64405024e-02 -5.69022112e-02  4.54881005e-02 -2.51582544e-02
  2.81521231e-02 -7.35648349e-02  2.92386729e-02 -3.46854818e-03
  6.02954291e-02 -3.22730727e-02  5.14119379e-02  1.95096117e-02
 -5.49815502e-03  3.00856121e-02  1.74118821e-02 -5.98155381e-03
  1.03872884e-02 -9.89832953e-02  2.17299443e-02  4.94266860e-02
  6.50888309e-02 -1.11459009e-01  3.44779342e-03 -1.99604724e-02
  3.59741226e-02 -2.99864821e-02  2.47513819e-02 -3.55992280e-02
 -5.96988685e-02  5.05453832e-02  5.15372343e-02  1.80940982e-03
 -4.21075746e-02  2.45852843e-02 -5.04441443e-04 -1.47775393e-02
 -1.24644965e-01 -8.10192600e-02  7.52639771e-02 -2.03566700e-02
 -5.92984036e-02  8.50030631e-02 -1.50158599e-01 -5.95833100e-02
  6.08579740e-02  1.04538901e-02 -5.87121807e-02 -1.92134492e-02
  3.79877016e-02 -3.05090155e-02  4.86976989e-02 -7.95643963e-03
 -6.14661090e-02  2.46793889e-02  7.99526926e-03 -1.91718265e-02
 -4.48767580e-02 -5.28740510e-02 -3.52501646e-02  9.43627432e-02
 -2.81866584e-02  3.82758901e-02 -4.97959438e-04 -1.52465649e-08
  1.79361459e-03 -3.06685697e-02  2.39029955e-02 -1.06251407e-02
 -2.63189208e-02  3.27975452e-02 -1.12370159e-02  3.31930108e-02
  3.02163083e-02 -5.67709506e-02  5.65182604e-02 -4.66057919e-02
 -9.09733772e-02  8.71569216e-02  9.65368003e-02  1.27566531e-02
  4.78012934e-02  2.27643438e-02  7.20450608e-03 -4.12462577e-02
  6.44820705e-02  8.32052380e-02 -3.10037215e-03  6.14682734e-02
 -5.48698381e-02 -1.36933550e-02  8.16480890e-02  2.07017884e-02
  5.95039055e-02  7.24740252e-02 -2.68566795e-03  7.21116960e-02
 -2.40361504e-02  2.54086871e-02  8.06095749e-02 -2.99557000e-02
  5.64293116e-02 -3.57680693e-02  1.70338620e-02 -7.80790597e-02
  6.21011760e-03  7.05425516e-02  2.70872340e-02 -5.40284775e-02
 -4.73895818e-02  5.10668149e-03  8.10297951e-03 -6.72786757e-02
 -1.92789529e-02  2.45105438e-02 -4.44779079e-03 -1.47934323e-02
  1.67743415e-02 -1.42342402e-02  5.37720472e-02  3.19067389e-02
 -4.65859100e-02 -6.56264201e-02 -6.28869142e-03  2.24631280e-02
  7.25253597e-02  2.04842445e-02  3.26393209e-02  5.61728552e-02]
Number of dimensions: 384

Text has been successfully converted into numerical vectors.
PS C:\Users\N. HARINI\OneDrive\Desktop\RAG_System> 
